Index scripturisticus , ’

19, 12 ss: 696 7071 17, 31: 65
20, 35; 70611 26, 22: 511
¹ 21, 36: 568 28, 25 ss: 667
22, 29: 2692 4
16166 ’ Rom
1ss: 9145 201

10, 22: 336 Io 1s: 93
ῙῙ, 2088ῑ 8 544 18⁵2ss 1, 83 55

586 666 2, 4„, 270, ἵ 1, 1666 6116311
11, 25: 186 497 501 1, 9: 232 501 573 j 32711 337 552
1112632 176186 1, 116 1661 66611 2, 4ss: 318 544 561

676 4 111163 766611
13, 24 ss 47 ss= 472 1 1, 16 1 4 1116666166116
13142312 1, 1611611311 116 616 661
>1617664186427 1116351616 66316

561 3, 66 6116 666 3, 6: 16
1627471166 4 6861111 461661616166
1917336724 3, 8: 666 1 6166666
20 1⁸⁵² 6 626 6, 166 616 16166161616161

7066 767 3, 36: 2766 1 43 336 ⁵
22, 3² 1⁸ss 14, 14 301, 6; 434 4616661111
22211881479 712 16} 26ss: 161 6161
2214559 1, 42: 678 1 6666 4
23, 241 471 62617161 1 1, 166 1611116111 ,1
23, 676 8 544 616 66 262 3113111616Ξ

586681 6116 64166666 3346331 P115
25, lss: 479655 1 4917 501522 ζ 1 ⁹
25, 145³? 695 6, 56 ss: 380, 46 4 7: 352
25, 34⁵³²⁷⁰⁶f¹1 6,» 656 64 497 1’ 17ss: 161661 ι
26 241 467 1, 666 666, 6 ,ξ 21- 337 ¹
26, 41: 14⁸⁷ 17⁶ ξ 8, 12; 270 e 678 5’55;”3 143 427
ἋΜΜ mfflfflw 6m3mm

4 16, 1616 568 333 396

ΜΝ ’ ¹¹⁵ ‘¹⁸² 335¹ 1 6, 61 6661681 393
1, 15, 334 12, 37ss. 667 4 448 1
2171166 1¹4³ 2² 4⁸3 4 6, 61616 4
11, 25: 156 14, 15 ss 448 5, 9: 319 ἰ

16, 166 6366 616 1125446151175, 5 10- 433
1ss 20: 512 15,1ss(5): 40 63 1 ' Ι

16, 22ss: 611 3564132617
1616316166

1
1

Effffssd ffiffiss 1
ξ 17, 12: 467 3 6, 3ss: 351 354 380, 1
1 11, 11 ss: 116 131 ζ 4; 438

116, 31: 661 4 3:241431331146 1611

ἶ 1171 Aet 61: 161668
,47133311 2332 333 ,8, 9ss: 38011 427,

16, 26: 316 3, 16 661 1 4481 4
16, 66 ss: 661 1, 16 655 1 6, 11ι 171 ,
116166 6, 66166 1616616611
13, 3: 661 1, 51: 611 1166 6666 4181
15:678 «6, 6161 4211427432 1
11, 5: 166 1616116 ψ 616161 ¹

17, 7-16: 6111111 16, 11,· 166 161 661 6, 116 11666661 1

18, 1: 568 16, 31: 66 8, 23: 270716

16, 16 616 ,1111111166 16166661

8, 26: 37n 44 186
418 511

8, 2ssss: 186 3802
427 492 522 563
568 655 ’

8, 31 ss: 338

8, 33: 352

9-11: 560-562 696

9, 4: 426

9, 6-24: 560-562
564 655

9, 8: 380,2

9, 10 ss: 57 201,5

9,17ss:667

9, 30ss: 202 318
715,1 ’

10, 3:318

19, 9: 337

10, 12s: 33611 677

10, 16 ss÷ 562

10,18;201,5

10,20s: 291, 5, 239,
3; 544

11, 5 7: 559

11, 6: 19111 201
715,1

11, 17ss: 389, 4, 432
467

11, 32: 677

11, 33ss: 644

11, 35: 65

12, 3ss: 696

13‚14:380,4

14, 17: 186

14, 23: 107

1 Gor

1, 27: 559 ι
2, 6ss: 271
2, 7: 655

12 9283

2106638011

3, 1: 281

3, 6s: 9 41 41
497

3, 8: 766ag 767*

3, mss: 471

43, 161: 9 448

4, 4τ 319 338
4, 7: 28 57 65 642

’1 111

6, 9s: 471
6, 11: 319 351
6, 15: 462 448

1 6, 19: 6116

7, 19: 336
9, 16 ss: 721
9, 24 s: 7065 ”

 

 

